Joao 1 7.50 8.50 5.60 7.20
Maria 2 10.00 9.50 7.50 9.00
Kleber 3 6.50 9.50 4.50 6.83
Juliana 4 4.50 3.20 5.60 4.43
Gabriel 5 6.50 8.50 9.60 8.20
Fernanda 6 9.50 7.80 10.00 9.10
William 7 9.50 8.50 8.50 8.83
Edward 8 9.30 7.40 7.70 8.13
Chere 9 1.50 8.40 9.90 6.60
Vickie 10 9.00 8.30 9.90 9.07
Chong 11 8.20 9.40 9.70 9.10
Leanne 12 4.90 5.30 8.60 6.27
Rosio 13 4.10 4.90 6.40 5.13
Nellie 14 9.40 7.00 5.90 7.43
Dorinda 15 6.30 4.90 8.30 6.50
Magdalena 16 2.30 5.34 6.80 4.81
Altagracia 17 0.40 6.50 8.30 5.07
Lesli 18 7.30 8.80 9.40 8.50
Fae 19 8.10 8.30 8.40 8.27
Dionne 20 8.10 6.42 6.70 7.07
Cecile 21 8.60 8.80 6.80 8.07
Lucila 22 8.10 7.70 9.20 8.33
Dagmar 23 2.30 4.30 5.80 4.13
Theodore 24 9.70 9.90 6.30 8.63
Cheri 25 7.30 8.60 8.20 8.03
Israel 26 1.30 8.60 9.50 6.47
Genie 27 6.90 8.90 5.80 7.20
Carmelina 28 6.80 9.40 9.90 8.70
Kareen 29 5.90 9.90 8.00 7.93
Odette 30 5.70 7.40 5.90 6.33
Ciara 31 3.90 6.60 5.60 5.37
Mariano 32 4.70 4.50 5.90 5.03
Laurine 33 1.90 9.50 5.30 5.57
Lindy 34 6.50 4.50 8.50 6.50
Frida 35 2.60 4.70 8.30 5.20
Andre 36 6.30 9.30 8.20 7.93
Sol 37 7.30 5.10 5.10 5.83
Aurelia 38 6.20 5.30 5.30 5.60
Golden 39 5.10 4.00 7.50 5.53
Charise 40 3.10 7.40 6.40 5.63
Eleonore 41 8.50 6.80 10.00 8.43
Teresa 42 7.90 5.70 9.70 7.77
Valene 43 4.30 6.50 6.10 5.63
Brittny 44 2.60 9.20 6.00 5.93
Devorah 45 0.80 7.10 6.30 4.73
Shemika 46 9.80 7.00 9.90 8.90
Marina 47 4.00 7.90 9.40 7.10
Neida 48 6.10 9.90 5.70 7.23
Judi 49 8.90 5.30 5.40 6.53
Delmar 50 7.70 8.40 5.60 7.23
